Matrix B = 
8	7	3	
4	7	2	
4	4	0	

Matrix B = 
4	3	4	
2	6	9	
9	1	8	

Matrix C = A * B = 
73	69	119	
48	56	95	
24	36	52	

Matrix C = A * B = 
73	69	119	
48	56	95	
24	36	52	

Matrix C = A * B = 
73	69	119	
48	56	95	
24	36	52	

Matrix C = A * B = 
73	69	119	
48	56	95	
24	36	52	

